13600217502	1080	186852	187932
13600217502	1080	186852	187932
13502468823	7335	110349	117684
13925057413	11058	48243	59301
13726230503	2481	24681	27162
18320173382	9531	2412	11943
13660577991	6960	690	7650
15013685858	3659	3538	7197
13922314466	3008	3720	6728
15920133257	3156	2936	6092
13560439658	918	4938	5856
13602846565	1938	2910	4848
18211575961	1527	2106	3633
15989002119	1938	180	2118
13560439658	1116	954	2070
13926435656	132	1512	1644
13823070001	360	180	540
13480253104	180	180	360
13826544101	264	0	264
13760778710	120	120	240
13926251106	240	0	240
13719199419	240	0	240
